00001000 00000001 0000000 000001000
01001000000000100000000000000010		
01000000010000010001100000000000		
00000100011000010010000000000000		
01000100100000100010100000000000		
01100000000001010011100010000000		
11010000001001111111111111111110		
11101000000000000000000001000000		
10011001100000010100000000000000		
00001000000011101111111111111111		
10011001000011100100100000000000		
10011101001000100101000000000000		
10011101010000000101100000000000		
00000001011010000101100000000000		
10010100010010111111111111111110		
11100000000000000000000001001100		
11000000001000100000000000000100		
11000100001011000000000000000100		
11100111111000000000000000000000
11111100000000000000000000000000
