00001000 00000001 00000000 00001000
01001000 00000010 00000000 00000010
01000000 01000001 00011000 00000000
00000100 01100001 00100000 00000000
01000100 10000010 00101000 00000000
01100000 10100111 00010000 00000000//sll
11010000 11100001 11111111 11111110
11101000 00000000 00000000 01000000//jal
10011001 10000001 01000000 00000000
00001001 11000000 00000000 00000000
10011001 00001110 01001000 00000000
10011101 00100010 01010000 00000000
10011101 01000000 01011000 00000000
00000001 01101000 01011000 00000000
11010101 01100010 11111111 11111110
11100000 00000000 00000000 01001100//j
11000000 00100010 00000000 00000100
11001000 00101100 00000000 00000100
11100111 11100000 00000000 00000000//jr
11111111 00000000 00000000 00000000